      MDL_CABI = 2.277360D-01
      AEWM1 = 1.279000D+02
      MDL_GF = 1.166370D-05
      AS = 1.184000D-01
      MDL_YMDO = 5.040000D-03
      MDL_YMUP = 2.550000D-03
      MDL_YMS = 1.010000D-01
      MDL_YMC = 1.270000D+00
      MDL_YMB = 4.700000D+00
      MDL_YMT = 1.720000D+02
      MDL_YME = 5.110000D-04
      MDL_YMM = 1.056600D-01
      MDL_YMTAU = 1.777000D+00
      MDL_LAMBDA = 1.000000D+03
      MDL_GPU = 1.000000D+00
      MDL_GPD = 1.000000D+00
      MDL_GPL = 1.000000D+00
      MDL_CAH = 1.000000D+00
      MDL_CZH5 = 1.000000D+00
      MDL_CAA = 1.000000D+00
      MDL_CZA = 1.000000D+00
      MDL_CGG = 1.000000D+00
      MDL_MZ = 9.118760D+01
      MDL_ME = 5.110000D-04
      MDL_MMU = 1.056600D-01
      MDL_MTA = 1.777000D+00
      MDL_MU = 2.550000D-03
      MDL_MC = 1.270000D+00
      MDL_MT = 1.720000D+02
      MDL_MD = 5.040000D-03
      MDL_MS = 1.010000D-01
      MDL_MB = 4.700000D+00
      MDL_MH = 1.250000D+02
      MDL_MALP = 1.000000D+01
      MDL_WW = 2.085000D+00
      MDL_WT = 1.508336D+00
      MDL_WALP = 3.226952D-03
